2019-06-18 15:43:34.324698;1;cuda:0;0;Net_0;4;[3, 77, 151, 225, 300];[2, 2, 2, 2];[1, 1, 1, 1];[2, 2, 2, 2];[2, 2, 2, 2];3;[58800, 3000, 1502, 5];5.51022;2019-06-18 15:44:03.517970;27.18544719555331;1;[0.0];1979;
2019-06-18 15:44:05.038118;1;cuda:0;0;Net_1;5;[3, 62, 121, 181, 240, 300];[2, 2, 2, 2, 2];[1, 1, 1, 1, 1];[3, 3, 3, 3, 3];[2, 2, 2, 2, 2];5;[14700, 3000, 2251, 1502, 753, 5];5.50168;2019-06-18 15:44:24.778974;20.161697827185446;1;[0.0];1979;
2019-06-18 15:44:26.289388;1;cuda:0;0;Net_2;4;[3, 77, 151, 225, 300];[2, 2, 2, 2];[1, 1, 1, 1];[2, 2, 2, 2];[2, 2, 2, 2];3;[58800, 3000, 1502, 5];5.6919;2019-06-18 15:44:55.606326;17.938352703385547;1;[0.0];1979;
2019-06-18 15:44:57.122969;1;cuda:0;0;Net_3;4;[3, 77, 151, 225, 300];[2, 2, 2, 2];[1, 1, 1, 1];[3, 3, 3, 3];[2, 2, 2, 2];5;[58800, 3000, 2251, 1502, 753, 5];5.47032;2019-06-18 15:45:26.932898;21.57655381505811;1;[0.0];1979;
2019-06-18 15:45:28.459244;1;cuda:0;0;Net_4;5;[3, 62, 121, 181, 240, 300];[2, 2, 2, 2, 2];[1, 1, 1, 1, 1];[2, 2, 2, 2, 2];[2, 2, 2, 2, 2];4;[14700, 3000, 2001, 1003, 5];5.65938;2019-06-18 15:45:47.960834;27.18544719555331;1;[32.17768609523773];1979;
2019-06-18 15:45:49.468309;1;cuda:0;0;Net_5;5;[3, 62, 121, 181, 240, 300];[3, 3, 3, 3, 3];[1, 1, 1, 1, 1];[3, 3, 3, 3, 3];[2, 2, 2, 2, 2];4;[10800, 3000, 2001, 1003, 5];5.42577;2019-06-18 15:46:08.401781;21.57655381505811;1;[0.0];1979;
2019-06-18 15:46:09.966000;1;cuda:0;0;Net_6;6;[3, 52, 102, 151, 201, 250, 300];[3, 3, 3, 3, 3, 3];[1, 1, 1, 1, 1, 1];[3, 3, 3, 3, 3, 3];[2, 2, 2, 2, 2, 2];5;[1200, 3000, 2251, 1502, 753, 5];5.36645;2019-06-18 15:46:28.887807;20.161697827185446;1;[0.0];1979;
2019-06-18 15:46:30.480470;1;cuda:0;0;Net_7;6;[3, 52, 102, 151, 201, 250, 300];[2, 2, 2, 2, 2, 2];[1, 1, 1, 1, 1, 1];[3, 3, 3, 3, 3, 3];[2, 2, 2, 2, 2, 2];4;[2700, 3000, 2001, 1003, 5];5.55528;2019-06-18 15:46:49.647454;27.18544719555331;1;[32.16343331336975];1979;
2019-06-18 15:46:51.318890;1;cuda:0;0;Net_8;7;[3, 45, 87, 130, 172, 215, 257, 300];[2, 2, 2, 2, 2, 2, 2];[1, 1, 1, 1, 1, 1, 1];[2, 2, 2, 2, 2, 2, 2];[2, 2, 2, 2, 2, 2, 2];5;[1200, 3000, 2251, 1502, 753, 5];5.42383;2019-06-18 15:47:09.953426;17.938352703385547;1;[32.16731834411621];1979;
2019-06-18 15:47:12.451080;1;cuda:0;1;Net_0;5;[3, 62, 121, 181, 240, 300];[2, 2, 2, 2, 2];[1, 1, 1, 1, 1];[2, 2, 2, 2, 2];[2, 2, 2, 2, 2];3;[14700, 3000, 1502, 5];5.64938;2019-06-18 15:47:31.778815;17.938352703385547;1;[32.192044496536255];1979;
2019-06-18 15:47:33.404769;1;cuda:0;1;Net_1;5;[3, 62, 121, 181, 240, 300];[2, 2, 2, 2, 2];[1, 1, 1, 1, 1];[3, 3, 3, 3, 3];[2, 2, 2, 2, 2];3;[14700, 3000, 1502, 5];5.54793;2019-06-18 15:47:54.620801;27.18544719555331;1;[0.0];1979;
2019-06-18 15:47:56.203120;1;cuda:0;1;Net_2;7;[3, 45, 87, 130, 172, 215, 257, 300];[3, 3, 3, 3, 3, 3, 3];[1, 1, 1, 1, 1, 1, 1];[2, 2, 2, 2, 2, 2, 2];[2, 2, 2, 2, 2, 2, 2];5;[300, 3000, 2251, 1502, 753, 5];5.53573;2019-06-18 15:48:14.413379;27.18544719555331;1;[32.12872624397278];1979;
2019-06-18 20:28:02.687469;2;cuda:0;0;Net_0;4;[3, 2, 2, 2, 2];[2, 2, 2, 2];[1, 1, 1, 1];[2, 2, 2, 2];[3, 3, 3, 3];2;[18, 4, 5];5.81526;2019-06-18 20:28:17.282742;18.999494694290046;1;[130.486869931221];1979;
2019-06-18 20:28:18.788316;2;cuda:0;0;Net_1;4;[3, 2, 2, 2, 2];[6, 6, 6, 6];[1, 1, 1, 1];[3, 3, 3, 3];[2, 2, 2, 2];3;[392, 7, 6, 5];5.80967;2019-06-18 20:28:33.380301;25.517938352703386;1;[97.53532803058624];1979;
2019-06-18 20:28:34.876443;2;cuda:0;0;Net_2;7;[3, 3, 3, 3, 3, 3, 3, 3];[4, 4, 4, 4, 4, 4, 4];[1, 1, 1, 1, 1, 1, 1];[2, 2, 2, 2, 2, 2, 2];[3, 3, 3, 3, 3, 3, 3];3;[3, 5, 5, 5];5.80713;2019-06-18 20:28:50.138329;25.517938352703386;1;[128.12000036239624];1979;
2019-06-18 20:28:51.635695;2;cuda:0;0;Net_3;4;[3, 2, 2, 2, 2];[6, 6, 6, 6];[1, 1, 1, 1];[3, 3, 3, 3];[3, 3, 3, 3];2;[18, 4, 5];5.78685;2019-06-18 20:29:06.096174;18.999494694290046;1;[98.12540602684021];1979;
2019-06-18 20:29:07.590289;2;cuda:0;0;Net_4;4;[3, 3, 3, 3, 3];[4, 4, 4, 4];[1, 1, 1, 1];[3, 3, 3, 3];[3, 3, 3, 3];2;[27, 3, 5];5.81092;2019-06-18 20:29:22.108299;25.517938352703386;1;[130.26535069942474];1979;
2019-06-18 20:29:24.575932;2;cuda:0;1;Net_0;6;[3, 2, 2, 2, 2, 2, 2];[4, 4, 4, 4, 4, 4];[1, 1, 1, 1, 1, 1];[2, 2, 2, 2, 2, 2];[3, 3, 3, 3, 3, 3];2;[2, 6, 5];5.77824;2019-06-18 20:29:39.748290;19.35320869125821;1;[129.62528336048126];1979;
2019-06-18 20:29:41.242909;2;cuda:0;1;Net_1;7;[3, 2, 2, 2, 2, 2, 2, 2];[2, 2, 2, 2, 2, 2, 2];[1, 1, 1, 1, 1, 1, 1];[2, 2, 2, 2, 2, 2, 2];[3, 3, 3, 3, 3, 3, 3];2;[2, 4, 5];5.80482;2019-06-18 20:29:56.447247;12.582112177867609;1;[129.3551903963089];1979;
2019-06-18 20:29:57.950958;2;cuda:0;1;Net_2;4;[3, 2, 2, 2, 2];[6, 6, 6, 6];[1, 1, 1, 1];[3, 3, 3, 3];[3, 3, 3, 3];3;[18, 4, 4, 5];5.78348;2019-06-18 20:30:12.525852;25.517938352703386;1;[96.56621932983398];1979;
2019-06-18 20:30:15.002216;2;cuda:0;2;Net_0;7;[3, 2, 2, 2, 2, 2, 2, 2];[4, 4, 4, 4, 4, 4, 4];[1, 1, 1, 1, 1, 1, 1];[3, 3, 3, 3, 3, 3, 3];[2, 2, 2, 2, 2, 2, 2];3;[2, 6, 5, 5];5.79731;2019-06-18 20:30:30.236087;25.517938352703386;1;[96.00219404697418];1979;
2019-06-18 20:30:31.739274;2;cuda:0;2;Net_1;7;[3, 2, 2, 2, 2, 2, 2, 2];[4, 4, 4, 4, 4, 4, 4];[1, 1, 1, 1, 1, 1, 1];[2, 2, 2, 2, 2, 2, 2];[3, 3, 3, 3, 3, 3, 3];3;[2, 6, 5, 5];5.80591;2019-06-18 20:30:47.028743;23.547246083880747;1;[129.10771584510803];1979;
2019-06-18 20:30:48.548649;2;cuda:0;2;Net_2;7;[3, 2, 2, 2, 2, 2, 2, 2];[6, 6, 6, 6, 6, 6, 6];[1, 1, 1, 1, 1, 1, 1];[2, 2, 2, 2, 2, 2, 2];[3, 3, 3, 3, 3, 3, 3];3;[2, 4, 4, 5];5.81132;2019-06-18 20:31:03.810137;23.547246083880747;1;[97.24691259860992];1979;
2019-06-18 20:31:05.312964;2;cuda:0;2;Net_3;6;[3, 2, 2, 2, 2, 2, 2];[6, 6, 6, 6, 6, 6];[1, 1, 1, 1, 1, 1];[2, 2, 2, 2, 2, 2];[3, 3, 3, 3, 3, 3];2;[2, 6, 5];5.81355;2019-06-18 20:31:20.516647;23.547246083880747;1;[98.04558217525482];1979;
2019-06-18 20:31:22.034412;2;cuda:0;2;Net_4;6;[3, 2, 2, 2, 2, 2, 2];[6, 6, 6, 6, 6, 6];[1, 1, 1, 1, 1, 1];[2, 2, 2, 2, 2, 2];[2, 2, 2, 2, 2, 2];2;[32, 4, 5];5.78066;2019-06-18 20:31:37.189729;12.582112177867609;1;[97.73644316196442];1979;
2019-06-18 20:31:38.684342;2;cuda:0;2;Net_5;7;[3, 2, 2, 2, 2, 2, 2, 2];[6, 6, 6, 6, 6, 6, 6];[1, 1, 1, 1, 1, 1, 1];[3, 3, 3, 3, 3, 3, 3];[2, 2, 2, 2, 2, 2, 2];3;[2, 6, 5, 5];5.73252;2019-06-18 20:31:53.847272;18.999494694290046;1;[99.57087075710297];1979;
2019-06-18 20:31:56.320422;2;cuda:0;3;Net_0;7;[3, 2, 2, 2, 2, 2, 2, 2];[6, 6, 6, 6, 6, 6, 6];[1, 1, 1, 1, 1, 1, 1];[2, 2, 2, 2, 2, 2, 2];[3, 3, 3, 3, 3, 3, 3];2;[2, 6, 5];5.78411;2019-06-18 20:32:11.563930;12.582112177867609;1;[97.66960394382477];1979;
2019-06-18 20:32:13.068275;2;cuda:0;3;Net_1;4;[3, 2, 2, 2, 2];[6, 6, 6, 6];[1, 1, 1, 1];[2, 2, 2, 2];[3, 3, 3, 3];2;[18, 4, 5];5.77821;2019-06-18 20:32:27.547277;12.582112177867609;1;[98.84391021728516];1979;
2019-06-18 20:32:29.050880;2;cuda:0;3;Net_2;7;[3, 2, 2, 2, 2, 2, 2, 2];[6, 6, 6, 6, 6, 6, 6];[1, 1, 1, 1, 1, 1, 1];[3, 3, 3, 3, 3, 3, 3];[2, 2, 2, 2, 2, 2, 2];2;[2, 6, 5];5.80868;2019-06-18 20:32:44.375106;23.547246083880747;1;[97.23296892642975];1979;
2019-06-18 20:32:45.873037;2;cuda:0;3;Net_3;4;[3, 3, 3, 3, 3];[4, 4, 4, 4];[1, 1, 1, 1];[3, 3, 3, 3];[3, 3, 3, 3];3;[27, 4, 4, 5];5.78201;2019-06-18 20:33:00.412861;19.35320869125821;1;[129.17110228538513];1979;
2019-06-18 20:33:01.909447;2;cuda:0;3;Net_4;4;[3, 3, 3, 3, 3];[6, 6, 6, 6];[1, 1, 1, 1];[3, 3, 3, 3];[3, 3, 3, 3];2;[27, 7, 5];5.83248;2019-06-18 20:33:16.520155;23.547246083880747;1;[96.55289113521576];1979;
2019-06-18 20:33:18.030775;2;cuda:0;3;Net_5;7;[3, 3, 3, 3, 3, 3, 3, 3];[6, 6, 6, 6, 6, 6, 6];[1, 1, 1, 1, 1, 1, 1];[3, 3, 3, 3, 3, 3, 3];[2, 2, 2, 2, 2, 2, 2];3;[3, 5, 5, 5];5.74947;2019-06-18 20:33:33.270096;18.999494694290046;1;[96.89239084720612];1979;
2019-06-18 20:33:34.748293;2;cuda:0;3;Net_6;4;[3, 2, 2, 2, 2];[4, 4, 4, 4];[1, 1, 1, 1];[2, 2, 2, 2];[3, 3, 3, 3];2;[18, 5, 5];5.77718;2019-06-18 20:33:49.231724;12.582112177867609;1;[130.72277903556824];1979;
2019-06-18 20:33:50.725417;2;cuda:0;3;Net_7;4;[3, 2, 2, 2, 2];[4, 4, 4, 4];[1, 1, 1, 1];[2, 2, 2, 2];[2, 2, 2, 2];3;[392, 3, 4, 5];5.81647;2019-06-18 20:34:05.299707;25.517938352703386;1;[95.69177913665771];1979;
2019-06-18 20:34:07.741197;2;cuda:0;4;Net_0;7;[3, 3, 3, 3, 3, 3, 3, 3];[6, 6, 6, 6, 6, 6, 6];[1, 1, 1, 1, 1, 1, 1];[2, 2, 2, 2, 2, 2, 2];[2, 2, 2, 2, 2, 2, 2];3;[12, 7, 6, 5];5.74915;2019-06-18 20:34:22.931559;12.582112177867609;1;[65.11913323402405];1979;
2019-06-18 20:34:24.422712;2;cuda:0;4;Net_1;7;[3, 3, 3, 3, 3, 3, 3, 3];[4, 4, 4, 4, 4, 4, 4];[1, 1, 1, 1, 1, 1, 1];[3, 3, 3, 3, 3, 3, 3];[2, 2, 2, 2, 2, 2, 2];3;[3, 7, 6, 5];5.81018;2019-06-18 20:34:39.663218;25.517938352703386;1;[96.2179833650589];1979;
2019-06-18 20:34:41.162968;2;cuda:0;4;Net_2;4;[3, 3, 3, 3, 3];[4, 4, 4, 4];[1, 1, 1, 1];[3, 3, 3, 3];[3, 3, 3, 3];3;[27, 3, 4, 5];5.78713;2019-06-18 20:34:55.692596;18.999494694290046;1;[128.88379728794098];1979;
2019-06-18 20:34:57.175982;2;cuda:0;4;Net_3;4;[3, 2, 2, 2, 2];[6, 6, 6, 6];[1, 1, 1, 1];[3, 3, 3, 3];[3, 3, 3, 3];2;[18, 3, 5];5.78541;2019-06-18 20:35:11.734434;25.517938352703386;1;[97.67450308799744];1979;
2019-06-18 20:35:13.223128;2;cuda:0;4;Net_4;4;[3, 3, 3, 3, 3];[4, 4, 4, 4];[1, 1, 1, 1];[3, 3, 3, 3];[3, 3, 3, 3];2;[27, 6, 5];5.79702;2019-06-18 20:35:27.810989;25.517938352703386;1;[127.72888624668121];1979;
2019-06-18 20:35:29.313839;2;cuda:0;4;Net_5;4;[3, 2, 2, 2, 2];[4, 4, 4, 4];[1, 1, 1, 1];[3, 3, 3, 3];[3, 3, 3, 3];3;[18, 7, 6, 5];5.83077;2019-06-18 20:35:43.890331;25.517938352703386;1;[128.7549591064453];1979;
2019-06-18 20:35:45.397047;2;cuda:0;4;Net_6;4;[3, 2, 2, 2, 2];[4, 4, 4, 4];[1, 1, 1, 1];[3, 3, 3, 3];[3, 3, 3, 3];3;[18, 6, 5, 5];5.78968;2019-06-18 20:35:59.897786;25.517938352703386;1;[97.46839833259583];1979;
2019-06-18 20:36:01.423772;2;cuda:0;4;Net_7;7;[3, 2, 2, 2, 2, 2, 2, 2];[6, 6, 6, 6, 6, 6, 6];[1, 1, 1, 1, 1, 1, 1];[2, 2, 2, 2, 2, 2, 2];[3, 3, 3, 3, 3, 3, 3];3;[2, 5, 5, 5];5.8134;2019-06-18 20:36:16.701701;18.999494694290046;1;[98.27553427219391];1979;
2019-06-18 20:36:19.150867;2;cuda:0;5;Net_0;4;[3, 2, 2, 2, 2];[4, 4, 4, 4];[1, 1, 1, 1];[3, 3, 3, 3];[3, 3, 3, 3];3;[18, 4, 4, 5];5.82377;2019-06-18 20:36:33.769364;12.582112177867609;1;[129.82433474063873];1979;
2019-06-18 20:36:35.281163;2;cuda:0;5;Net_1;4;[3, 2, 2, 2, 2];[6, 6, 6, 6];[1, 1, 1, 1];[2, 2, 2, 2];[3, 3, 3, 3];2;[18, 4, 5];5.80552;2019-06-18 20:36:49.845752;25.517938352703386;1;[96.64839959144592];1979;
2019-06-18 20:36:51.360231;2;cuda:0;5;Net_2;4;[3, 2, 2, 2, 2];[6, 6, 6, 6];[1, 1, 1, 1];[2, 2, 2, 2];[3, 3, 3, 3];3;[18, 6, 5, 5];5.81599;2019-06-18 20:37:05.958043;25.517938352703386;1;[96.32682514190674];1979;
2019-06-18 20:37:07.468269;2;cuda:0;5;Net_3;4;[3, 3, 3, 3, 3];[4, 4, 4, 4];[1, 1, 1, 1];[3, 3, 3, 3];[3, 3, 3, 3];3;[27, 3, 4, 5];5.77694;2019-06-18 20:37:21.976518;23.547246083880747;1;[128.62410593032837];1979;
2019-06-18 20:37:23.500487;2;cuda:0;5;Net_4;4;[3, 3, 3, 3, 3];[4, 4, 4, 4];[1, 1, 1, 1];[3, 3, 3, 3];[3, 3, 3, 3];3;[27, 5, 5, 5];5.78981;2019-06-18 20:37:38.017605;19.35320869125821;1;[96.6307567358017];1979;
2019-06-18 20:37:39.513136;2;cuda:0;5;Net_5;4;[3, 3, 3, 3, 3];[6, 6, 6, 6];[1, 1, 1, 1];[3, 3, 3, 3];[3, 3, 3, 3];3;[27, 5, 5, 5];5.83;2019-06-18 20:37:54.194827;23.547246083880747;1;[99.25625920295715];1979;
2019-06-18 20:37:55.696109;2;cuda:0;5;Net_6;4;[3, 3, 3, 3, 3];[4, 4, 4, 4];[1, 1, 1, 1];[3, 3, 3, 3];[3, 3, 3, 3];3;[27, 5, 5, 5];5.82547;2019-06-18 20:38:10.403507;19.35320869125821;1;[130.6863567829132];1979;
2019-06-18 20:38:11.930778;2;cuda:0;5;Net_7;4;[3, 3, 3, 3, 3];[6, 6, 6, 6];[1, 1, 1, 1];[3, 3, 3, 3];[3, 3, 3, 3];3;[27, 3, 4, 5];5.81339;2019-06-18 20:38:26.672385;18.999494694290046;1;[98.06376481056213];1979;
2019-06-18 20:38:29.139662;2;cuda:0;6;Net_0;4;[3, 2, 2, 2, 2];[4, 4, 4, 4];[1, 1, 1, 1];[3, 3, 3, 3];[2, 2, 2, 2];2;[392, 3, 5];5.82158;2019-06-18 20:38:43.709032;23.547246083880747;1;[97.08214211463928];1979;
2019-06-18 20:38:45.191853;2;cuda:0;6;Net_1;4;[3, 2, 2, 2, 2];[4, 4, 4, 4];[1, 1, 1, 1];[3, 3, 3, 3];[3, 3, 3, 3];3;[18, 6, 5, 5];5.81736;2019-06-18 20:38:59.792423;25.517938352703386;1;[128.14507830142975];1979;
2019-06-18 20:39:01.295891;2;cuda:0;6;Net_2;7;[3, 3, 3, 3, 3, 3, 3, 3];[4, 4, 4, 4, 4, 4, 4];[1, 1, 1, 1, 1, 1, 1];[3, 3, 3, 3, 3, 3, 3];[2, 2, 2, 2, 2, 2, 2];3;[3, 5, 5, 5];5.80393;2019-06-18 20:39:16.545185;25.517938352703386;1;[96.50585234165192];1979;
2019-06-18 20:39:18.041347;2;cuda:0;6;Net_3;4;[3, 2, 2, 2, 2];[4, 4, 4, 4];[1, 1, 1, 1];[3, 3, 3, 3];[3, 3, 3, 3];2;[18, 7, 5];5.78845;2019-06-18 20:39:32.547071;19.35320869125821;1;[129.9530736207962];1979;
2019-06-18 20:39:34.077665;2;cuda:0;6;Net_4;4;[3, 2, 2, 2, 2];[4, 4, 4, 4];[1, 1, 1, 1];[2, 2, 2, 2];[3, 3, 3, 3];2;[18, 3, 5];5.82251;2019-06-18 20:39:48.636730;25.517938352703386;1;[127.7872542142868];1979;
2019-06-18 20:39:50.136367;2;cuda:0;6;Net_5;4;[3, 2, 2, 2, 2];[4, 4, 4, 4];[1, 1, 1, 1];[3, 3, 3, 3];[2, 2, 2, 2];3;[392, 7, 6, 5];5.79807;2019-06-18 20:40:04.896377;19.35320869125821;1;[97.316481590271];1979;
2019-06-18 20:40:06.410002;2;cuda:0;6;Net_6;7;[3, 3, 3, 3, 3, 3, 3, 3];[4, 4, 4, 4, 4, 4, 4];[1, 1, 1, 1, 1, 1, 1];[2, 2, 2, 2, 2, 2, 2];[3, 3, 3, 3, 3, 3, 3];2;[3, 3, 5];5.80067;2019-06-18 20:40:21.668393;25.517938352703386;1;[129.3170666694641];1979;
2019-06-18 20:40:23.184965;2;cuda:0;6;Net_7;4;[3, 2, 2, 2, 2];[4, 4, 4, 4];[1, 1, 1, 1];[3, 3, 3, 3];[3, 3, 3, 3];2;[18, 3, 5];5.78137;2019-06-18 20:40:37.659032;23.547246083880747;1;[129.62131643295288];1979;
2019-06-18 20:40:39.175665;2;cuda:0;6;Net_8;4;[3, 2, 2, 2, 2];[6, 6, 6, 6];[1, 1, 1, 1];[2, 2, 2, 2];[2, 2, 2, 2];3;[392, 4, 4, 5];5.80513;2019-06-18 20:40:53.884248;23.547246083880747;1;[96.52360510826111];1979;
2019-06-18 20:40:55.385362;2;cuda:0;6;Net_9;4;[3, 2, 2, 2, 2];[4, 4, 4, 4];[1, 1, 1, 1];[3, 3, 3, 3];[2, 2, 2, 2];2;[392, 7, 5];5.83736;2019-06-18 20:41:09.924338;19.35320869125821;1;[96.82609724998474];1979;
2019-06-18 20:41:12.365271;2;cuda:0;7;Net_0;4;[3, 2, 2, 2, 2];[4, 4, 4, 4];[1, 1, 1, 1];[3, 3, 3, 3];[2, 2, 2, 2];3;[392, 7, 6, 5];5.78361;2019-06-18 20:41:26.932258;19.35320869125821;1;[97.07491600513458];1979;
2019-06-18 20:41:28.426301;2;cuda:0;7;Net_1;4;[3, 3, 3, 3, 3];[6, 6, 6, 6];[1, 1, 1, 1];[3, 3, 3, 3];[2, 2, 2, 2];2;[588, 7, 5];5.75379;2019-06-18 20:41:42.922702;25.517938352703386;1;[96.56621932983398];1979;
2019-06-18 20:41:44.444563;2;cuda:0;7;Net_2;4;[3, 3, 3, 3, 3];[6, 6, 6, 6];[1, 1, 1, 1];[3, 3, 3, 3];[2, 2, 2, 2];3;[588, 3, 4, 5];5.78361;2019-06-18 20:41:59.044410;18.999494694290046;1;[98.92480647563934];1979;
2019-06-18 20:42:00.559043;2;cuda:0;7;Net_3;4;[3, 3, 3, 3, 3];[4, 4, 4, 4];[1, 1, 1, 1];[3, 3, 3, 3];[2, 2, 2, 2];3;[588, 3, 4, 5];5.79859;2019-06-18 20:42:15.060827;12.582112177867609;1;[97.3864711523056];1979;
2019-06-18 20:42:16.572030;2;cuda:0;7;Net_4;4;[3, 3, 3, 3, 3];[4, 4, 4, 4];[1, 1, 1, 1];[3, 3, 3, 3];[2, 2, 2, 2];3;[588, 7, 6, 5];5.75849;2019-06-18 20:42:31.163217;18.999494694290046;1;[97.91037082672119];1979;
2019-06-18 20:42:32.683889;2;cuda:0;7;Net_5;4;[3, 3, 3, 3, 3];[4, 4, 4, 4];[1, 1, 1, 1];[3, 3, 3, 3];[2, 2, 2, 2];3;[588, 3, 4, 5];5.78149;2019-06-18 20:42:47.302572;25.517938352703386;1;[96.51447284221649];1979;
2019-06-18 20:42:48.805451;2;cuda:0;7;Net_6;4;[3, 2, 2, 2, 2];[4, 4, 4, 4];[1, 1, 1, 1];[3, 3, 3, 3];[2, 2, 2, 2];2;[392, 3, 5];5.78555;2019-06-18 20:43:03.293580;23.547246083880747;1;[99.16082012653351];1979;
2019-06-18 20:43:04.805469;2;cuda:0;7;Net_7;4;[3, 2, 2, 2, 2];[4, 4, 4, 4];[1, 1, 1, 1];[3, 3, 3, 3];[3, 3, 3, 3];3;[18, 6, 5, 5];5.76552;2019-06-18 20:43:19.345566;23.547246083880747;1;[96.6308000087738];1979;
2019-06-18 20:43:21.801378;2;cuda:0;8;Net_0;7;[3, 2, 2, 2, 2, 2, 2, 2];[6, 6, 6, 6, 6, 6, 6];[1, 1, 1, 1, 1, 1, 1];[2, 2, 2, 2, 2, 2, 2];[2, 2, 2, 2, 2, 2, 2];2;[8, 5, 5];5.79297;2019-06-18 20:43:37.167078;23.547246083880747;1;[97.52781069278717];1979;
2019-06-18 20:43:38.660944;2;cuda:0;8;Net_1;4;[3, 2, 2, 2, 2];[4, 4, 4, 4];[1, 1, 1, 1];[3, 3, 3, 3];[2, 2, 2, 2];3;[392, 7, 6, 5];5.8112;2019-06-18 20:43:53.269890;12.582112177867609;1;[99.2270427942276];1979;
2019-06-18 20:43:54.761921;2;cuda:0;8;Net_2;4;[3, 2, 2, 2, 2];[4, 4, 4, 4];[1, 1, 1, 1];[3, 3, 3, 3];[3, 3, 3, 3];3;[18, 3, 4, 5];5.78232;2019-06-18 20:44:09.402326;23.547246083880747;1;[128.9901728630066];1979;
2019-06-18 20:44:10.904308;2;cuda:0;8;Net_3;4;[3, 3, 3, 3, 3];[4, 4, 4, 4];[1, 1, 1, 1];[3, 3, 3, 3];[2, 2, 2, 2];2;[588, 4, 5];5.80301;2019-06-18 20:44:25.466526;25.517938352703386;1;[96.71068918704987];1979;
2019-06-18 20:44:26.960189;2;cuda:0;8;Net_4;4;[3, 2, 2, 2, 2];[6, 6, 6, 6];[1, 1, 1, 1];[3, 3, 3, 3];[3, 3, 3, 3];3;[18, 6, 5, 5];5.808;2019-06-18 20:44:41.523184;23.547246083880747;1;[97.54642915725708];1979;
2019-06-18 20:44:43.033480;2;cuda:0;8;Net_5;7;[3, 2, 2, 2, 2, 2, 2, 2];[6, 6, 6, 6, 6, 6, 6];[1, 1, 1, 1, 1, 1, 1];[3, 3, 3, 3, 3, 3, 3];[2, 2, 2, 2, 2, 2, 2];2;[2, 7, 5];5.75161;2019-06-18 20:44:58.241590;19.35320869125821;1;[96.68687951564789];1979;
2019-06-18 20:44:59.750713;2;cuda:0;8;Net_6;7;[3, 2, 2, 2, 2, 2, 2, 2];[4, 4, 4, 4, 4, 4, 4];[1, 1, 1, 1, 1, 1, 1];[2, 2, 2, 2, 2, 2, 2];[3, 3, 3, 3, 3, 3, 3];3;[2, 7, 6, 5];5.79341;2019-06-18 20:45:14.979894;12.582112177867609;1;[129.65251469612122];1979;
2019-06-18 20:45:16.491894;2;cuda:0;8;Net_7;4;[3, 2, 2, 2, 2];[4, 4, 4, 4];[1, 1, 1, 1];[3, 3, 3, 3];[2, 2, 2, 2];2;[392, 3, 5];5.83066;2019-06-18 20:45:31.054673;12.582112177867609;1;[98.48879384994507];1979;
2019-06-18 20:45:33.519020;2;cuda:0;9;Net_0;4;[3, 2, 2, 2, 2];[4, 4, 4, 4];[1, 1, 1, 1];[3, 3, 3, 3];[3, 3, 3, 3];3;[18, 3, 4, 5];5.8203;2019-06-18 20:45:48.162958;18.999494694290046;1;[129.4492392539978];1979;
2019-06-18 20:45:49.688224;2;cuda:0;9;Net_1;4;[3, 3, 3, 3, 3];[4, 4, 4, 4];[1, 1, 1, 1];[2, 2, 2, 2];[2, 2, 2, 2];3;[588, 6, 5, 5];5.83182;2019-06-18 20:46:04.413447;23.547246083880747;1;[96.8645179271698];1979;
2019-06-18 20:46:05.912360;2;cuda:0;9;Net_2;7;[3, 3, 3, 3, 3, 3, 3, 3];[4, 4, 4, 4, 4, 4, 4];[1, 1, 1, 1, 1, 1, 1];[3, 3, 3, 3, 3, 3, 3];[2, 2, 2, 2, 2, 2, 2];2;[3, 5, 5];5.82712;2019-06-18 20:46:21.192713;18.999494694290046;1;[96.85789358615875];1979;
2019-06-18 20:46:22.676422;2;cuda:0;9;Net_3;4;[3, 2, 2, 2, 2];[4, 4, 4, 4];[1, 1, 1, 1];[3, 3, 3, 3];[2, 2, 2, 2];3;[392, 3, 4, 5];5.78941;2019-06-18 20:46:37.208103;18.999494694290046;1;[96.77556943893433];1979;
2019-06-18 20:46:38.705139;2;cuda:0;9;Net_4;4;[3, 2, 2, 2, 2];[4, 4, 4, 4];[1, 1, 1, 1];[3, 3, 3, 3];[2, 2, 2, 2];2;[392, 7, 5];5.78895;2019-06-18 20:46:53.385321;25.517938352703386;1;[96.60491180419922];1979;
2019-06-18 20:46:54.908592;2;cuda:0;9;Net_5;4;[3, 3, 3, 3, 3];[4, 4, 4, 4];[1, 1, 1, 1];[3, 3, 3, 3];[3, 3, 3, 3];3;[27, 3, 4, 5];5.80094;2019-06-18 20:47:09.517081;19.35320869125821;1;[129.52083349227905];1979;
2019-06-18 20:47:11.019233;2;cuda:0;9;Net_6;7;[3, 2, 2, 2, 2, 2, 2, 2];[4, 4, 4, 4, 4, 4, 4];[1, 1, 1, 1, 1, 1, 1];[3, 3, 3, 3, 3, 3, 3];[2, 2, 2, 2, 2, 2, 2];3;[2, 3, 4, 5];5.80238;2019-06-18 20:47:26.318850;12.582112177867609;1;[100.0572202205658];1979;
2019-06-18 20:47:28.778639;2;cuda:0;10;Net_0;4;[3, 2, 2, 2, 2];[4, 4, 4, 4];[1, 1, 1, 1];[2, 2, 2, 2];[2, 2, 2, 2];2;[392, 5, 5];5.8129;2019-06-18 20:47:43.319042;19.35320869125821;1;[96.63777112960815];1979;
2019-06-18 20:47:44.803238;2;cuda:0;10;Net_1;4;[3, 2, 2, 2, 2];[4, 4, 4, 4];[1, 1, 1, 1];[3, 3, 3, 3];[3, 3, 3, 3];2;[18, 7, 5];5.80711;2019-06-18 20:47:59.281446;25.517938352703386;1;[127.89221966266632];1979;
2019-06-18 20:48:00.777501;2;cuda:0;10;Net_2;4;[3, 2, 2, 2, 2];[6, 6, 6, 6];[1, 1, 1, 1];[3, 3, 3, 3];[3, 3, 3, 3];3;[18, 7, 6, 5];5.79465;2019-06-18 20:48:15.399451;18.999494694290046;1;[97.43806862831116];1979;
2019-06-18 20:48:16.880702;2;cuda:0;10;Net_3;7;[3, 2, 2, 2, 2, 2, 2, 2];[6, 6, 6, 6, 6, 6, 6];[1, 1, 1, 1, 1, 1, 1];[3, 3, 3, 3, 3, 3, 3];[2, 2, 2, 2, 2, 2, 2];3;[2, 7, 6, 5];5.83303;2019-06-18 20:48:32.227245;25.517938352703386;1;[96.50081491470337];1979;
2019-06-18 20:48:33.722475;2;cuda:0;10;Net_4;4;[3, 2, 2, 2, 2];[6, 6, 6, 6];[1, 1, 1, 1];[2, 2, 2, 2];[3, 3, 3, 3];3;[18, 7, 6, 5];5.82676;2019-06-18 20:48:48.416568;23.547246083880747;1;[97.15192413330078];1979;
2019-06-18 20:48:49.909993;2;cuda:0;10;Net_5;4;[3, 3, 3, 3, 3];[6, 6, 6, 6];[1, 1, 1, 1];[3, 3, 3, 3];[2, 2, 2, 2];3;[588, 3, 4, 5];5.73428;2019-06-18 20:49:04.447525;19.35320869125821;1;[65.47565996646881];1979;
2019-06-18 20:49:05.955930;2;cuda:0;10;Net_6;4;[3, 3, 3, 3, 3];[4, 4, 4, 4];[1, 1, 1, 1];[3, 3, 3, 3];[2, 2, 2, 2];3;[588, 7, 6, 5];5.774;2019-06-18 20:49:20.490147;23.547246083880747;1;[96.65707445144653];1979;
2019-06-18 20:49:22.001822;2;cuda:0;10;Net_7;7;[3, 2, 2, 2, 2, 2, 2, 2];[4, 4, 4, 4, 4, 4, 4];[1, 1, 1, 1, 1, 1, 1];[2, 2, 2, 2, 2, 2, 2];[3, 3, 3, 3, 3, 3, 3];2;[2, 7, 5];5.83512;2019-06-18 20:49:37.370814;25.517938352703386;1;[128.61914098262787];1979;
2019-06-19 11:25:44.910117;3;cuda:0;0;Net_0;6;[3, 2, 2, 2, 2, 2, 2];[2, 2, 2, 2, 2, 2];[1, 1, 1, 1, 1, 1];[3, 3, 3, 3, 3, 3];[2, 2, 2, 2, 2, 2];4;[18, 3, 3, 4, 5];5.75503;2019-06-19 11:26:00.135480;19.302678120262758;1;[98.03577291965485];1979;
2019-06-19 11:26:01.624052;3;cuda:0;0;Net_1;7;[3, 3, 3, 3, 3, 3, 3, 3];[2, 2, 2, 2, 2, 2, 2];[1, 1, 1, 1, 1, 1, 1];[2, 2, 2, 2, 2, 2, 2];[2, 2, 2, 2, 2, 2, 2];4;[12, 4, 4, 4, 5];5.76198;2019-06-19 11:26:16.909312;12.379989893885801;1;[98.76821660995483];1979;
2019-06-19 11:26:18.429539;3;cuda:0;0;Net_2;5;[3, 3, 3, 3, 3, 3];[4, 4, 4, 4, 4];[1, 1, 1, 1, 1];[3, 3, 3, 3, 3];[3, 3, 3, 3, 3];3;[3, 6, 5, 5];5.82688;2019-06-19 11:26:33.510155;12.379989893885801;1;[131.0467562675476];1979;
2019-06-19 11:26:35.017575;3;cuda:0;0;Net_3;4;[3, 2, 2, 2, 2];[3, 3, 3, 3];[1, 1, 1, 1];[3, 3, 3, 3];[2, 2, 2, 2];4;[338, 7, 6, 5, 5];5.84049;2019-06-19 11:26:50.056715;19.403739262253662;1;[129.9825155735016];1979;
2019-06-19 11:26:51.573487;3;cuda:0;0;Net_4;5;[3, 3, 3, 3, 3, 3];[2, 2, 2, 2, 2];[1, 1, 1, 1, 1];[3, 3, 3, 3, 3];[2, 2, 2, 2, 2];3;[147, 3, 4, 5];5.75813;2019-06-19 11:27:06.589952;23.64830722587165;1;[97.02508890628815];1979;
2019-06-19 11:27:08.070125;3;cuda:0;0;Net_5;7;[3, 2, 2, 2, 2, 2, 2, 2];[6, 6, 6, 6, 6, 6, 6];[1, 1, 1, 1, 1, 1, 1];[2, 2, 2, 2, 2, 2, 2];[2, 2, 2, 2, 2, 2, 2];2;[8, 6, 5];5.81637;2019-06-19 11:27:23.318000;19.302678120262758;1;[95.92240118980408];1979;
2019-06-19 11:27:24.794367;3;cuda:0;0;Net_6;5;[3, 2, 2, 2, 2, 2];[7, 7, 7, 7, 7];[1, 1, 1, 1, 1];[3, 3, 3, 3, 3];[2, 2, 2, 2, 2];2;[72, 4, 5];5.76123;2019-06-19 11:27:39.625096;19.403739262253662;1;[98.69777190685272];1979;
2019-06-19 11:27:41.117573;3;cuda:0;0;Net_7;5;[3, 2, 2, 2, 2, 2];[4, 4, 4, 4, 4];[1, 1, 1, 1, 1];[3, 3, 3, 3, 3];[3, 3, 3, 3, 3];4;[2, 5, 5, 5, 5];5.79868;2019-06-19 11:27:56.307610;23.64830722587165;1;[128.62955582141876];1979;
2019-06-19 11:27:58.824373;3;cuda:0;1;Net_0;5;[3, 2, 2, 2, 2, 2];[3, 3, 3, 3, 3];[1, 1, 1, 1, 1];[3, 3, 3, 3, 3];[2, 2, 2, 2, 2];3;[72, 6, 5, 5];5.79924;2019-06-19 11:28:13.842679;19.302678120262758;1;[129.9103045463562];1979;
2019-06-19 11:28:15.339971;3;cuda:0;1;Net_1;6;[3, 2, 2, 2, 2, 2, 2];[3, 3, 3, 3, 3, 3];[1, 1, 1, 1, 1, 1];[3, 3, 3, 3, 3, 3];[2, 2, 2, 2, 2, 2];4;[8, 6, 5, 5, 5];5.84254;2019-06-19 11:28:30.615916;23.64830722587165;1;[128.1082067489624];1979;
2019-06-19 11:28:32.110110;3;cuda:0;1;Net_2;5;[3, 2, 2, 2, 2, 2];[2, 2, 2, 2, 2];[1, 1, 1, 1, 1];[3, 3, 3, 3, 3];[3, 3, 3, 3, 3];2;[2, 3, 5];5.81336;2019-06-19 11:28:47.029994;12.379989893885801;1;[135.09997844696045];1979;
2019-06-19 11:28:48.542592;3;cuda:0;1;Net_3;7;[3, 2, 2, 2, 2, 2, 2, 2];[2, 2, 2, 2, 2, 2, 2];[1, 1, 1, 1, 1, 1, 1];[3, 3, 3, 3, 3, 3, 3];[2, 2, 2, 2, 2, 2, 2];4;[2, 3, 3, 4, 5];5.82875;2019-06-19 11:29:03.810920;25.265285497726126;1;[127.71517276763916];1979;
2019-06-19 11:29:05.287738;3;cuda:0;1;Net_4;5;[3, 2, 2, 2, 2, 2];[4, 4, 4, 4, 4];[1, 1, 1, 1, 1];[2, 2, 2, 2, 2];[2, 2, 2, 2, 2];2;[98, 4, 5];5.84013;2019-06-19 11:29:20.135625;23.64830722587165;1;[98.50987458229065];1979;
2019-06-19 11:29:21.622579;3;cuda:0;1;Net_5;7;[3, 2, 2, 2, 2, 2, 2, 2];[4, 4, 4, 4, 4, 4, 4];[1, 1, 1, 1, 1, 1, 1];[3, 3, 3, 3, 3, 3, 3];[2, 2, 2, 2, 2, 2, 2];4;[2, 3, 3, 4, 5];5.80726;2019-06-19 11:29:36.874354;25.265285497726126;1;[96.57309699058533];1979;
2019-06-19 11:29:39.346510;3;cuda:0;2;Net_0;5;[3, 2, 2, 2, 2, 2];[4, 4, 4, 4, 4];[1, 1, 1, 1, 1];[3, 3, 3, 3, 3];[2, 2, 2, 2, 2];2;[98, 7, 5];5.77306;2019-06-19 11:29:54.097315;25.265285497726126;1;[96.01018285751343];1979;
2019-06-19 11:29:55.594323;3;cuda:0;2;Net_1;4;[3, 2, 2, 2, 2];[2, 2, 2, 2];[1, 1, 1, 1];[2, 2, 2, 2];[2, 2, 2, 2];2;[392, 3, 5];5.82847;2019-06-19 11:30:10.119214;12.379989893885801;1;[131.33099257946014];1979;
2019-06-19 11:30:11.619877;3;cuda:0;2;Net_2;6;[3, 2, 2, 2, 2, 2, 2];[4, 4, 4, 4, 4, 4];[1, 1, 1, 1, 1, 1];[3, 3, 3, 3, 3, 3];[2, 2, 2, 2, 2, 2];4;[18, 7, 6, 5, 5];5.73687;2019-06-19 11:30:26.876566;19.302678120262758;1;[96.5743716955185];1979;
2019-06-19 11:30:28.364367;3;cuda:0;2;Net_3;5;[3, 2, 2, 2, 2, 2];[4, 4, 4, 4, 4];[1, 1, 1, 1, 1];[3, 3, 3, 3, 3];[2, 2, 2, 2, 2];4;[98, 6, 5, 5, 5];5.83307;2019-06-19 11:30:43.599127;23.64830722587165;1;[97.90748822689056];1979;
2019-06-19 11:30:45.105598;3;cuda:0;2;Net_4;6;[3, 2, 2, 2, 2, 2, 2];[4, 4, 4, 4, 4, 4];[1, 1, 1, 1, 1, 1];[3, 3, 3, 3, 3, 3];[2, 2, 2, 2, 2, 2];2;[18, 5, 5];5.83891;2019-06-19 11:31:00.354215;23.64830722587165;1;[96.44069039821625];1979;
2019-06-19 11:31:01.849564;3;cuda:0;2;Net_5;4;[3, 2, 2, 2, 2];[2, 2, 2, 2];[1, 1, 1, 1];[3, 3, 3, 3];[2, 2, 2, 2];4;[392, 6, 5, 5, 5];5.79719;2019-06-19 11:31:16.737653;23.64830722587165;1;[97.28223419189453];1979;
2019-06-19 11:31:18.242579;3;cuda:0;2;Net_6;4;[3, 2, 2, 2, 2];[3, 3, 3, 3];[1, 1, 1, 1];[3, 3, 3, 3];[2, 2, 2, 2];4;[338, 6, 5, 5, 5];5.80585;2019-06-19 11:31:32.994842;19.403739262253662;1;[130.23470652103424];1979;
2019-06-19 11:31:34.504113;3;cuda:0;2;Net_7;6;[3, 2, 2, 2, 2, 2, 2];[3, 3, 3, 3, 3, 3];[1, 1, 1, 1, 1, 1];[3, 3, 3, 3, 3, 3];[2, 2, 2, 2, 2, 2];4;[8, 7, 6, 5, 5];5.79301;2019-06-19 11:31:49.864728;25.265285497726126;1;[127.33266365528107];1979;
2019-06-19 11:31:52.331328;3;cuda:0;3;Net_0;5;[3, 2, 2, 2, 2, 2];[2, 2, 2, 2, 2];[1, 1, 1, 1, 1];[3, 3, 3, 3, 3];[2, 2, 2, 2, 2];4;[98, 3, 3, 4, 5];5.81477;2019-06-19 11:32:07.520857;19.403739262253662;1;[131.4481475353241];1979;
2019-06-19 11:32:09.014777;3;cuda:0;3;Net_1;7;[3, 2, 2, 2, 2, 2, 2, 2];[4, 4, 4, 4, 4, 4, 4];[1, 1, 1, 1, 1, 1, 1];[3, 3, 3, 3, 3, 3, 3];[2, 2, 2, 2, 2, 2, 2];2;[2, 3, 5];5.79245;2019-06-19 11:32:24.301201;25.265285497726126;1;[97.64023423194885];1979;
2019-06-19 11:32:25.819978;3;cuda:0;3;Net_2;6;[3, 2, 2, 2, 2, 2, 2];[4, 4, 4, 4, 4, 4];[1, 1, 1, 1, 1, 1];[2, 2, 2, 2, 2, 2];[2, 2, 2, 2, 2, 2];2;[32, 3, 5];5.80487;2019-06-19 11:32:41.048463;19.403739262253662;1;[100.03127586841583];1979;
2019-06-19 11:32:42.536746;3;cuda:0;3;Net_3;6;[3, 2, 2, 2, 2, 2, 2];[4, 4, 4, 4, 4, 4];[1, 1, 1, 1, 1, 1];[3, 3, 3, 3, 3, 3];[2, 2, 2, 2, 2, 2];4;[18, 7, 6, 5, 5];5.80615;2019-06-19 11:32:57.774070;25.265285497726126;1;[96.39724719524384];1979;
2019-06-19 11:32:59.278151;3;cuda:0;3;Net_4;6;[3, 2, 2, 2, 2, 2, 2];[4, 4, 4, 4, 4, 4];[1, 1, 1, 1, 1, 1];[3, 3, 3, 3, 3, 3];[2, 2, 2, 2, 2, 2];4;[18, 3, 3, 4, 5];5.78541;2019-06-19 11:33:14.531995;23.64830722587165;1;[96.86291420459747];1979;
2019-06-19 11:33:16.035861;3;cuda:0;3;Net_5;6;[3, 2, 2, 2, 2, 2, 2];[3, 3, 3, 3, 3, 3];[1, 1, 1, 1, 1, 1];[3, 3, 3, 3, 3, 3];[2, 2, 2, 2, 2, 2];4;[8, 3, 3, 4, 5];5.84459;2019-06-19 11:33:31.307624;19.302678120262758;1;[129.40211641788483];1979;
2019-06-19 11:33:32.800065;3;cuda:0;3;Net_6;7;[3, 2, 2, 2, 2, 2, 2, 2];[2, 2, 2, 2, 2, 2, 2];[1, 1, 1, 1, 1, 1, 1];[3, 3, 3, 3, 3, 3, 3];[2, 2, 2, 2, 2, 2, 2];3;[2, 6, 5, 5];5.81944;2019-06-19 11:33:48.041793;25.265285497726126;1;[96.00369727611542];1979;
2019-06-19 11:33:49.548844;3;cuda:0;3;Net_7;7;[3, 2, 2, 2, 2, 2, 2, 2];[4, 4, 4, 4, 4, 4, 4];[1, 1, 1, 1, 1, 1, 1];[3, 3, 3, 3, 3, 3, 3];[2, 2, 2, 2, 2, 2, 2];4;[2, 6, 5, 5, 5];5.82878;2019-06-19 11:34:04.793710;23.64830722587165;1;[97.0098489522934];1979;
2019-06-19 11:34:06.323670;3;cuda:0;3;Net_8;6;[3, 2, 2, 2, 2, 2, 2];[4, 4, 4, 4, 4, 4];[1, 1, 1, 1, 1, 1];[3, 3, 3, 3, 3, 3];[2, 2, 2, 2, 2, 2];2;[18, 4, 5];5.77253;2019-06-19 11:34:21.535375;19.302678120262758;1;[97.36540257930756];1979;
2019-06-19 11:34:23.983688;3;cuda:0;4;Net_0;7;[3, 2, 2, 2, 2, 2, 2, 2];[2, 2, 2, 2, 2, 2, 2];[1, 1, 1, 1, 1, 1, 1];[3, 3, 3, 3, 3, 3, 3];[2, 2, 2, 2, 2, 2, 2];4;[2, 6, 5, 5, 5];5.83067;2019-06-19 11:34:39.283445;25.265285497726126;1;[96.22584533691406];1979;
2019-06-19 11:34:40.798486;3;cuda:0;4;Net_1;7;[3, 2, 2, 2, 2, 2, 2, 2];[4, 4, 4, 4, 4, 4, 4];[1, 1, 1, 1, 1, 1, 1];[3, 3, 3, 3, 3, 3, 3];[2, 2, 2, 2, 2, 2, 2];2;[2, 7, 5];5.81666;2019-06-19 11:34:56.150917;19.302678120262758;1;[97.54272878170013];1979;
2019-06-19 11:34:57.652880;3;cuda:0;4;Net_2;6;[3, 2, 2, 2, 2, 2, 2];[4, 4, 4, 4, 4, 4];[1, 1, 1, 1, 1, 1];[3, 3, 3, 3, 3, 3];[2, 2, 2, 2, 2, 2];2;[18, 4, 5];5.80832;2019-06-19 11:35:12.866258;12.379989893885801;1;[98.32672870159149];1979;
2019-06-19 11:35:14.381152;3;cuda:0;4;Net_3;7;[3, 2, 2, 2, 2, 2, 2, 2];[4, 4, 4, 4, 4, 4, 4];[1, 1, 1, 1, 1, 1, 1];[3, 3, 3, 3, 3, 3, 3];[2, 2, 2, 2, 2, 2, 2];3;[2, 3, 4, 5];5.7767;2019-06-19 11:35:29.638076;23.64830722587165;1;[100.16098034381866];1979;
2019-06-19 11:35:31.139826;3;cuda:0;4;Net_4;5;[3, 2, 2, 2, 2, 2];[4, 4, 4, 4, 4];[1, 1, 1, 1, 1];[3, 3, 3, 3, 3];[2, 2, 2, 2, 2];4;[98, 3, 3, 4, 5];5.78623;2019-06-19 11:35:46.405542;23.64830722587165;1;[95.93750274181366];1979;
2019-06-19 11:35:47.906310;3;cuda:0;4;Net_5;7;[3, 2, 2, 2, 2, 2, 2, 2];[4, 4, 4, 4, 4, 4, 4];[1, 1, 1, 1, 1, 1, 1];[3, 3, 3, 3, 3, 3, 3];[2, 2, 2, 2, 2, 2, 2];2;[2, 6, 5];5.81187;2019-06-19 11:36:03.128616;23.64830722587165;1;[96.07074344158173];1979;
2019-06-19 11:36:04.646953;3;cuda:0;4;Net_6;6;[3, 2, 2, 2, 2, 2, 2];[4, 4, 4, 4, 4, 4];[1, 1, 1, 1, 1, 1];[3, 3, 3, 3, 3, 3];[2, 2, 2, 2, 2, 2];2;[18, 7, 5];5.78886;2019-06-19 11:36:19.895482;19.302678120262758;1;[96.95656824111938];1979;
2019-06-19 11:36:21.418003;3;cuda:0;4;Net_7;7;[3, 2, 2, 2, 2, 2, 2, 2];[4, 4, 4, 4, 4, 4, 4];[1, 1, 1, 1, 1, 1, 1];[3, 3, 3, 3, 3, 3, 3];[2, 2, 2, 2, 2, 2, 2];2;[2, 5, 5];5.79756;2019-06-19 11:36:36.713017;19.302678120262758;1;[97.11081159114838];1979;
2019-06-19 11:36:39.155982;3;cuda:0;5;Net_0;7;[3, 2, 2, 2, 2, 2, 2, 2];[4, 4, 4, 4, 4, 4, 4];[1, 1, 1, 1, 1, 1, 1];[3, 3, 3, 3, 3, 3, 3];[2, 2, 2, 2, 2, 2, 2];2;[2, 7, 5];5.80759;2019-06-19 11:36:54.426926;19.302678120262758;1;[96.59658336639404];1979;
2019-06-19 11:36:55.960116;3;cuda:0;5;Net_1;5;[3, 2, 2, 2, 2, 2];[3, 3, 3, 3, 3];[1, 1, 1, 1, 1];[2, 2, 2, 2, 2];[2, 2, 2, 2, 2];4;[98, 3, 3, 4, 5];5.81167;2019-06-19 11:37:11.233524;25.265285497726126;1;[97.11024487018585];1979;
2019-06-19 11:37:12.723001;3;cuda:0;5;Net_2;5;[3, 2, 2, 2, 2, 2];[4, 4, 4, 4, 4];[1, 1, 1, 1, 1];[3, 3, 3, 3, 3];[2, 2, 2, 2, 2];4;[98, 3, 3, 4, 5];5.82498;2019-06-19 11:37:27.799516;25.265285497726126;1;[95.92987978458405];1979;
2019-06-19 11:37:29.301147;3;cuda:0;5;Net_3;5;[3, 2, 2, 2, 2, 2];[6, 6, 6, 6, 6];[1, 1, 1, 1, 1];[3, 3, 3, 3, 3];[2, 2, 2, 2, 2];4;[98, 7, 6, 5, 5];5.81526;2019-06-19 11:37:44.407184;19.403739262253662;1;[98.17019701004028];1979;
2019-06-19 11:37:45.907759;3;cuda:0;5;Net_4;7;[3, 2, 2, 2, 2, 2, 2, 2];[4, 4, 4, 4, 4, 4, 4];[1, 1, 1, 1, 1, 1, 1];[3, 3, 3, 3, 3, 3, 3];[2, 2, 2, 2, 2, 2, 2];3;[2, 6, 5, 5];5.78238;2019-06-19 11:38:01.167054;23.64830722587165;1;[97.29205083847046];1979;
2019-06-19 11:38:02.675378;3;cuda:0;5;Net_5;7;[3, 2, 2, 2, 2, 2, 2, 2];[4, 4, 4, 4, 4, 4, 4];[1, 1, 1, 1, 1, 1, 1];[3, 3, 3, 3, 3, 3, 3];[2, 2, 2, 2, 2, 2, 2];4;[2, 7, 6, 5, 5];5.78606;2019-06-19 11:38:18.333906;19.302678120262758;1;[96.81650841236115];1979;
2019-06-19 11:38:19.831225;3;cuda:0;5;Net_6;6;[3, 2, 2, 2, 2, 2, 2];[4, 4, 4, 4, 4, 4];[1, 1, 1, 1, 1, 1];[3, 3, 3, 3, 3, 3];[2, 2, 2, 2, 2, 2];4;[18, 4, 4, 4, 5];5.79873;2019-06-19 11:38:35.110830;23.64830722587165;1;[97.36860847473145];1979;
2019-06-19 11:38:36.638023;3;cuda:0;5;Net_7;5;[3, 2, 2, 2, 2, 2];[4, 4, 4, 4, 4];[1, 1, 1, 1, 1];[3, 3, 3, 3, 3];[2, 2, 2, 2, 2];2;[98, 3, 5];5.7622;2019-06-19 11:38:51.517523;19.302678120262758;1;[96.74589622020721];1979;
2019-06-19 11:38:53.986953;3;cuda:0;6;Net_0;6;[3, 2, 2, 2, 2, 2, 2];[6, 6, 6, 6, 6, 6];[1, 1, 1, 1, 1, 1];[3, 3, 3, 3, 3, 3];[2, 2, 2, 2, 2, 2];4;[18, 7, 6, 5, 5];5.79711;2019-06-19 11:39:09.298251;23.64830722587165;1;[96.85601997375488];1979;
2019-06-19 11:39:10.801867;3;cuda:0;6;Net_1;5;[3, 2, 2, 2, 2, 2];[4, 4, 4, 4, 4];[1, 1, 1, 1, 1];[2, 2, 2, 2, 2];[2, 2, 2, 2, 2];4;[98, 3, 3, 4, 5];5.77734;2019-06-19 11:39:25.955906;19.302678120262758;1;[97.59976017475128];1979;
2019-06-19 11:39:27.447970;3;cuda:0;6;Net_2;7;[3, 2, 2, 2, 2, 2, 2, 2];[3, 3, 3, 3, 3, 3, 3];[1, 1, 1, 1, 1, 1, 1];[2, 2, 2, 2, 2, 2, 2];[2, 2, 2, 2, 2, 2, 2];2;[2, 7, 5];5.81661;2019-06-19 11:39:42.727661;23.64830722587165;1;[97.18617725372314];1979;
2019-06-19 11:39:44.234413;3;cuda:0;6;Net_3;6;[3, 2, 2, 2, 2, 2, 2];[2, 2, 2, 2, 2, 2];[1, 1, 1, 1, 1, 1];[2, 2, 2, 2, 2, 2];[2, 2, 2, 2, 2, 2];4;[32, 3, 3, 4, 5];5.79724;2019-06-19 11:39:59.516616;25.265285497726126;1;[127.99885320663452];1979;
2019-06-19 11:40:00.998864;3;cuda:0;6;Net_4;7;[3, 2, 2, 2, 2, 2, 2, 2];[4, 4, 4, 4, 4, 4, 4];[1, 1, 1, 1, 1, 1, 1];[3, 3, 3, 3, 3, 3, 3];[2, 2, 2, 2, 2, 2, 2];4;[2, 7, 6, 5, 5];5.77786;2019-06-19 11:40:16.250316;19.302678120262758;1;[97.3109472990036];1979;
2019-06-19 11:40:17.750290;3;cuda:0;6;Net_5;6;[3, 2, 2, 2, 2, 2, 2];[4, 4, 4, 4, 4, 4];[1, 1, 1, 1, 1, 1];[3, 3, 3, 3, 3, 3];[2, 2, 2, 2, 2, 2];4;[18, 3, 3, 4, 5];5.76847;2019-06-19 11:40:33.002797;23.64830722587165;1;[96.99652552604675];1979;
2019-06-19 11:40:34.487195;3;cuda:0;6;Net_6;5;[3, 2, 2, 2, 2, 2];[4, 4, 4, 4, 4];[1, 1, 1, 1, 1];[3, 3, 3, 3, 3];[2, 2, 2, 2, 2];4;[98, 7, 6, 5, 5];5.77921;2019-06-19 11:40:49.563394;19.403739262253662;1;[96.61198878288269];1979;
2019-06-19 11:40:51.070079;3;cuda:0;6;Net_7;7;[3, 2, 2, 2, 2, 2, 2, 2];[4, 4, 4, 4, 4, 4, 4];[1, 1, 1, 1, 1, 1, 1];[3, 3, 3, 3, 3, 3, 3];[2, 2, 2, 2, 2, 2, 2];2;[2, 7, 5];5.80241;2019-06-19 11:41:06.355387;25.265285497726126;1;[96.56621932983398];1979;
2019-06-19 11:41:07.859133;3;cuda:0;6;Net_8;7;[3, 2, 2, 2, 2, 2, 2, 2];[4, 4, 4, 4, 4, 4, 4];[1, 1, 1, 1, 1, 1, 1];[2, 2, 2, 2, 2, 2, 2];[2, 2, 2, 2, 2, 2, 2];4;[8, 7, 6, 5, 5];5.75279;2019-06-19 11:41:23.056254;25.265285497726126;1;[96.56621932983398];1979;
2019-06-19 11:41:24.561853;3;cuda:0;6;Net_9;7;[3, 2, 2, 2, 2, 2, 2, 2];[4, 4, 4, 4, 4, 4, 4];[1, 1, 1, 1, 1, 1, 1];[2, 2, 2, 2, 2, 2, 2];[2, 2, 2, 2, 2, 2, 2];4;[8, 7, 6, 5, 5];5.80936;2019-06-19 11:41:39.796602;25.265285497726126;1;[95.4606968164444];1979;
2019-06-19 11:41:42.256324;3;cuda:0;7;Net_0;7;[3, 2, 2, 2, 2, 2, 2, 2];[4, 4, 4, 4, 4, 4, 4];[1, 1, 1, 1, 1, 1, 1];[2, 2, 2, 2, 2, 2, 2];[2, 2, 2, 2, 2, 2, 2];4;[8, 6, 5, 5, 5];5.80998;2019-06-19 11:41:57.559730;12.379989893885801;1;[98.17625939846039];1979;
2019-06-19 11:41:59.061252;3;cuda:0;7;Net_1;5;[3, 2, 2, 2, 2, 2];[4, 4, 4, 4, 4];[1, 1, 1, 1, 1];[2, 2, 2, 2, 2];[2, 2, 2, 2, 2];4;[98, 3, 3, 4, 5];5.81862;2019-06-19 11:42:14.245314;19.302678120262758;1;[96.26373410224915];1979;
2019-06-19 11:42:15.766941;3;cuda:0;7;Net_2;5;[3, 2, 2, 2, 2, 2];[2, 2, 2, 2, 2];[1, 1, 1, 1, 1];[3, 3, 3, 3, 3];[2, 2, 2, 2, 2];4;[98, 7, 6, 5, 5];5.83494;2019-06-19 11:42:31.064606;23.64830722587165;1;[129.28348064422607];1979;
2019-06-19 11:42:32.580608;3;cuda:0;7;Net_3;5;[3, 2, 2, 2, 2, 2];[4, 4, 4, 4, 4];[1, 1, 1, 1, 1];[3, 3, 3, 3, 3];[2, 2, 2, 2, 2];4;[98, 7, 6, 5, 5];5.83952;2019-06-19 11:42:47.807999;25.265285497726126;1;[95.60906982421875];1979;
2019-06-19 11:42:49.318763;3;cuda:0;7;Net_4;6;[3, 2, 2, 2, 2, 2, 2];[2, 2, 2, 2, 2, 2];[1, 1, 1, 1, 1, 1];[2, 2, 2, 2, 2, 2];[2, 2, 2, 2, 2, 2];4;[32, 7, 6, 5, 5];5.77666;2019-06-19 11:43:04.541727;25.265285497726126;1;[96.78603541851044];1979;
2019-06-19 11:43:07.003390;3;cuda:0;8;Net_0;5;[3, 2, 2, 2, 2, 2];[4, 4, 4, 4, 4];[1, 1, 1, 1, 1];[3, 3, 3, 3, 3];[2, 2, 2, 2, 2];4;[98, 3, 3, 4, 5];5.80584;2019-06-19 11:43:22.125862;12.379989893885801;1;[99.04663753509521];1979;
2019-06-19 11:43:23.606646;3;cuda:0;8;Net_1;5;[3, 2, 2, 2, 2, 2];[2, 2, 2, 2, 2];[1, 1, 1, 1, 1];[3, 3, 3, 3, 3];[2, 2, 2, 2, 2];2;[98, 3, 5];5.81144;2019-06-19 11:43:38.447409;19.302678120262758;1;[129.05905771255493];1979;
2019-06-19 11:43:39.954222;3;cuda:0;8;Net_2;7;[3, 2, 2, 2, 2, 2, 2, 2];[2, 2, 2, 2, 2, 2, 2];[1, 1, 1, 1, 1, 1, 1];[3, 3, 3, 3, 3, 3, 3];[2, 2, 2, 2, 2, 2, 2];2;[2, 3, 5];5.76409;2019-06-19 11:43:55.299290;12.379989893885801;1;[98.59634792804718];1979;
2019-06-19 11:43:57.773616;3;cuda:0;9;Net_0;7;[3, 2, 2, 2, 2, 2, 2, 2];[2, 2, 2, 2, 2, 2, 2];[1, 1, 1, 1, 1, 1, 1];[3, 3, 3, 3, 3, 3, 3];[2, 2, 2, 2, 2, 2, 2];2;[2, 3, 5];5.85042;2019-06-19 11:44:13.055103;25.265285497726126;1;[128.37625229358673];1979;
2019-06-19 11:44:14.563549;3;cuda:0;9;Net_1;7;[3, 2, 2, 2, 2, 2, 2, 2];[2, 2, 2, 2, 2, 2, 2];[1, 1, 1, 1, 1, 1, 1];[3, 3, 3, 3, 3, 3, 3];[2, 2, 2, 2, 2, 2, 2];2;[2, 3, 5];5.78564;2019-06-19 11:44:29.789785;23.64830722587165;1;[129.1844093799591];1979;
2019-06-19 11:44:32.250388;3;cuda:0;10;Net_0;7;[3, 2, 2, 2, 2, 2, 2, 2];[4, 4, 4, 4, 4, 4, 4];[1, 1, 1, 1, 1, 1, 1];[3, 3, 3, 3, 3, 3, 3];[2, 2, 2, 2, 2, 2, 2];4;[2, 6, 5, 5, 5];5.80089;2019-06-19 11:44:47.527521;12.379989893885801;1;[98.95291566848755];1979;
2019-06-19 11:44:49.022306;3;cuda:0;10;Net_1;5;[3, 2, 2, 2, 2, 2];[3, 3, 3, 3, 3];[1, 1, 1, 1, 1];[3, 3, 3, 3, 3];[2, 2, 2, 2, 2];4;[72, 6, 5, 5, 5];5.81226;2019-06-19 11:45:04.324151;12.379989893885801;1;[130.855055809021];1979;
2019-06-19 11:45:05.827991;3;cuda:0;10;Net_2;5;[3, 2, 2, 2, 2, 2];[2, 2, 2, 2, 2];[1, 1, 1, 1, 1];[2, 2, 2, 2, 2];[2, 2, 2, 2, 2];4;[98, 3, 3, 4, 5];5.7836;2019-06-19 11:45:20.865069;19.302678120262758;1;[131.52234029769897];1979;
2019-06-19 11:45:23.346890;3;cuda:0;11;Net_0;5;[3, 2, 2, 2, 2, 2];[4, 4, 4, 4, 4];[1, 1, 1, 1, 1];[3, 3, 3, 3, 3];[2, 2, 2, 2, 2];2;[98, 3, 5];5.78399;2019-06-19 11:45:38.095522;19.403739262253662;1;[98.69105470180511];1979;
2019-06-19 11:45:39.599283;3;cuda:0;11;Net_1;7;[3, 2, 2, 2, 2, 2, 2, 2];[4, 4, 4, 4, 4, 4, 4];[1, 1, 1, 1, 1, 1, 1];[3, 3, 3, 3, 3, 3, 3];[2, 2, 2, 2, 2, 2, 2];4;[2, 7, 6, 5, 5];5.7585;2019-06-19 11:45:54.743461;25.265285497726126;1;[96.56621932983398];1979;
2019-06-19 11:45:56.244835;3;cuda:0;11;Net_2;7;[3, 2, 2, 2, 2, 2, 2, 2];[2, 2, 2, 2, 2, 2, 2];[1, 1, 1, 1, 1, 1, 1];[3, 3, 3, 3, 3, 3, 3];[2, 2, 2, 2, 2, 2, 2];2;[2, 3, 5];5.79831;2019-06-19 11:46:11.527492;23.64830722587165;1;[128.35479974746704];1979;
2019-06-19 11:46:13.042855;3;cuda:0;11;Net_3;7;[3, 2, 2, 2, 2, 2, 2, 2];[4, 4, 4, 4, 4, 4, 4];[1, 1, 1, 1, 1, 1, 1];[3, 3, 3, 3, 3, 3, 3];[2, 2, 2, 2, 2, 2, 2];4;[2, 7, 6, 5, 5];5.80347;2019-06-19 11:46:28.282686;25.265285497726126;1;[96.22335588932037];1979;
2019-06-19 11:46:30.031124;3;cuda:0;11;Net_4;7;[3, 2, 2, 2, 2, 2, 2, 2];[4, 4, 4, 4, 4, 4, 4];[1, 1, 1, 1, 1, 1, 1];[3, 3, 3, 3, 3, 3, 3];[2, 2, 2, 2, 2, 2, 2];4;[2, 7, 6, 5, 5];5.824;2019-06-19 11:46:45.267935;23.64830722587165;1;[96.96982336044312];1979;
2019-06-19 11:46:47.731289;3;cuda:0;12;Net_0;7;[3, 2, 2, 2, 2, 2, 2, 2];[4, 4, 4, 4, 4, 4, 4];[1, 1, 1, 1, 1, 1, 1];[2, 2, 2, 2, 2, 2, 2];[2, 2, 2, 2, 2, 2, 2];4;[8, 3, 3, 4, 5];5.82463;2019-06-19 11:47:03.246771;12.379989893885801;1;[99.81764614582062];1979;
2019-06-19 11:47:04.760546;3;cuda:0;12;Net_1;7;[3, 2, 2, 2, 2, 2, 2, 2];[2, 2, 2, 2, 2, 2, 2];[1, 1, 1, 1, 1, 1, 1];[3, 3, 3, 3, 3, 3, 3];[2, 2, 2, 2, 2, 2, 2];2;[2, 3, 5];5.81149;2019-06-19 11:47:20.137989;19.403739262253662;1;[129.82358694076538];1979;
2019-06-19 11:47:21.633733;3;cuda:0;12;Net_2;7;[3, 2, 2, 2, 2, 2, 2, 2];[4, 4, 4, 4, 4, 4, 4];[1, 1, 1, 1, 1, 1, 1];[2, 2, 2, 2, 2, 2, 2];[2, 2, 2, 2, 2, 2, 2];4;[8, 3, 3, 4, 5];5.83163;2019-06-19 11:47:36.824976;12.379989893885801;1;[98.37694251537323];1979;
2019-06-19 11:47:38.319231;3;cuda:0;12;Net_3;5;[3, 2, 2, 2, 2, 2];[4, 4, 4, 4, 4];[1, 1, 1, 1, 1];[3, 3, 3, 3, 3];[2, 2, 2, 2, 2];4;[98, 3, 3, 4, 5];5.81918;2019-06-19 11:47:53.380655;19.302678120262758;1;[97.17628383636475];1979;
2019-06-19 11:47:55.869751;3;cuda:0;13;Net_0;5;[3, 2, 2, 2, 2, 2];[2, 2, 2, 2, 2];[1, 1, 1, 1, 1];[3, 3, 3, 3, 3];[2, 2, 2, 2, 2];4;[98, 3, 3, 4, 5];5.82158;2019-06-19 11:48:10.968402;25.265285497726126;1;[96.45669722557068];1979;
2019-06-19 11:48:12.456508;3;cuda:0;13;Net_1;7;[3, 2, 2, 2, 2, 2, 2, 2];[4, 4, 4, 4, 4, 4, 4];[1, 1, 1, 1, 1, 1, 1];[3, 3, 3, 3, 3, 3, 3];[2, 2, 2, 2, 2, 2, 2];4;[2, 7, 6, 5, 5];5.80926;2019-06-19 11:48:27.703742;12.379989893885801;1;[99.21735394001007];1979;
2019-06-19 11:48:29.204391;3;cuda:0;13;Net_2;5;[3, 3, 3, 3, 3, 3];[4, 4, 4, 4, 4];[1, 1, 1, 1, 1];[3, 3, 3, 3, 3];[2, 2, 2, 2, 2];4;[147, 3, 3, 4, 5];5.83825;2019-06-19 11:48:44.348297;19.403739262253662;1;[97.79852426052094];1979;
2019-06-19 11:48:45.864158;3;cuda:0;13;Net_3;4;[3, 2, 2, 2, 2];[2, 2, 2, 2];[1, 1, 1, 1];[3, 3, 3, 3];[2, 2, 2, 2];2;[392, 3, 5];5.79736;2019-06-19 11:49:00.425070;19.302678120262758;1;[96.61374711990356];1979;
